     0/299    0.526G    0.1071   0.01985         0     0.127        15       640         0         0  0.001729 0.0002918   0.07118   0.01419         0
     1/299     5.11G   0.08929   0.01668         0     0.106        11       640         0         0  0.001301 0.0001922   0.07157   0.01276         0
     2/299     5.11G    0.0832   0.01715         0    0.1003         7       640         0         0    0.0121   0.00248   0.06676     0.013         0
     3/299     5.11G   0.07478   0.01758         0   0.09236        11       640         0         0   0.03913    0.0073   0.06108   0.01317         0
     4/299     5.11G    0.0699   0.01791         0   0.08781        12       640    0.1793   0.09735    0.1619   0.04478   0.05739   0.01233         0
     5/299     5.11G   0.06573   0.01724         0   0.08297        10       640    0.3504    0.3451    0.2508   0.06759   0.05186   0.01325         0
     6/299     5.11G    0.0605   0.01512         0   0.07562         8       640  0.008936    0.3628  0.007034  0.001614   0.08113   0.06635         0
     7/299     5.11G   0.05641   0.01461         0   0.07102         9       640    0.4182    0.7788    0.5791    0.2074   0.04391  0.009736         0
     8/299     5.11G   0.05345   0.01403         0   0.06748         9       640    0.1972    0.9204    0.6176    0.2539    0.0388   0.01149         0
     9/299     5.11G   0.05033    0.0136         0   0.06393         6       640    0.2633    0.9823    0.8213    0.4073   0.03681  0.008958         0
    10/299     5.11G   0.04869   0.01284         0   0.06152        15       640     0.315    0.9735    0.9173    0.4397   0.03648  0.008588         0
    11/299     5.11G   0.04651   0.01156         0   0.05807        12       640    0.3548    0.9823    0.9529    0.5108   0.03262  0.007624         0
    12/299     5.11G   0.04358   0.01068         0   0.05426        10       640    0.6205    0.9558    0.9618    0.5225   0.03529  0.007085         0
    13/299     5.11G   0.04585   0.01075         0    0.0566        10       640    0.6036    0.9646    0.9745    0.4138   0.03752  0.006188         0
    14/299     5.11G   0.04376   0.01036         0   0.05412         9       640    0.7834    0.9735    0.9789    0.5721   0.03191  0.006357         0
    15/299     5.11G   0.04265   0.01013         0   0.05279        11       640    0.5346    0.9823    0.9802    0.5535   0.03192  0.006537         0
    16/299     5.11G   0.03961  0.009459         0   0.04907        14       640    0.5478    0.9912    0.9909    0.5794   0.03068  0.005329         0
    17/299     5.11G   0.03924  0.008525         0   0.04777        12       640    0.6321    0.9735    0.9795    0.4348   0.03277  0.004895         0
    18/299     5.11G   0.03732  0.008317         0   0.04563        17       640     0.633    0.9912    0.9945     0.591   0.02907  0.005313         0
    19/299     5.11G   0.03671  0.007669         0   0.04438         7       640    0.4163    0.9912    0.9883    0.5923   0.02741  0.005371         0
    20/299     5.11G   0.03618  0.007836         0   0.04402        10       640    0.6407    0.9735    0.9744    0.5569   0.03419  0.005569         0
    21/299     5.11G   0.03454  0.007246         0   0.04178         9       640    0.7898    0.9823    0.9814    0.5249   0.03586  0.004442         0
    22/299     5.11G   0.03358  0.007188         0   0.04077        10       640     0.742    0.9912    0.9932    0.6241   0.02659  0.004429         0
    23/299     5.11G   0.03251  0.006717         0   0.03922        14       640    0.8439    0.9912    0.9943    0.6517   0.02415  0.003917         0
    24/299     5.11G    0.0329  0.006886         0   0.03979        11       640    0.6207    0.9912    0.9946    0.6393   0.02587    0.0042         0
    25/299     5.11G   0.03256  0.006679         0   0.03924         7       640    0.6373    0.9912    0.9942    0.6406   0.02524  0.004189         0
    26/299     5.11G   0.03315  0.006556         0   0.03971        15       640    0.7529    0.9912    0.9943    0.6301   0.02551  0.003955         0
    27/299     5.11G   0.03018  0.006375         0   0.03656        14       640    0.8034    0.9912     0.995    0.6304   0.02537  0.003683         0
    28/299     5.11G   0.03027   0.00629         0   0.03656        12       640     0.769    0.9912    0.9938    0.6467   0.02481  0.003827         0
    29/299     5.11G   0.03129   0.00616         0   0.03745        11       640    0.7685    0.9912    0.9945    0.6427   0.02498  0.003754         0
    30/299     5.11G   0.03017  0.006234         0    0.0364        14       640    0.7683    0.9912    0.9936    0.6352   0.02498  0.003784         0
    31/299     5.11G   0.02985  0.006161         0   0.03601        10       640    0.9114    0.9912     0.995    0.6166   0.02662  0.003478         0
    32/299     5.11G   0.03036  0.006059         0   0.03642         8       640    0.8377    0.9912    0.9929    0.6788   0.02533  0.004045         0
    33/299     5.11G   0.02876  0.005947         0   0.03471         8       640     0.734    0.9912    0.9947    0.6437   0.02366  0.003511         0
    34/299     5.11G   0.02899  0.005752         0   0.03474        11       640    0.8197    0.9912    0.9939    0.6509   0.02473  0.003618         0
    35/299     5.11G   0.02944  0.005718         0   0.03516         9       640    0.8186    0.9912     0.995    0.5888   0.02545  0.003601         0
    36/299     5.11G    0.0294  0.005784         0   0.03519         7       640    0.7829    0.9912     0.995    0.6431   0.02412  0.003513         0
    37/299     5.11G   0.02848  0.005642         0   0.03413         9       640    0.7542         1    0.9947    0.6663    0.0252    0.0036         0
    38/299     5.11G   0.02886  0.005798         0   0.03466         8       640    0.7921    0.9912     0.995    0.7081   0.02213  0.003432         0
    39/299     5.11G    0.0288  0.005767         0   0.03457        12       640    0.8498    0.9912    0.9948    0.6701   0.02467   0.00348         0
    40/299     5.11G   0.02839  0.005468         0   0.03385        11       640    0.8761    0.9912    0.9947    0.6243   0.02511  0.003464         0
    41/299     5.11G   0.02783  0.005636         0   0.03346        14       640    0.7945    0.9912     0.995    0.6739   0.02395  0.003439         0
    42/299     5.11G   0.02826  0.005552         0   0.03381        14       640    0.8752    0.9912     0.995    0.6599   0.02532  0.003409         0
    43/299     5.11G   0.02752  0.005567         0   0.03309        13       640    0.8003    0.9912    0.9946    0.6607   0.02397  0.003417         0
    44/299     5.11G   0.02778  0.005411         0   0.03319        13       640    0.9061    0.9912     0.995    0.6193   0.02493   0.00335         0
    45/299     5.11G    0.0274  0.005354         0   0.03276        11       640    0.8982    0.9912     0.995    0.6228   0.02524  0.003276         0
    46/299     5.11G   0.02741  0.005281         0    0.0327         8       640    0.9492    0.9912     0.995     0.652   0.02485   0.00327         0
    47/299     5.11G   0.02739  0.005474         0   0.03286        14       640    0.8562    0.9912     0.995     0.671   0.02315  0.003341         0
    48/299     5.11G   0.02726  0.005424         0   0.03268         9       640    0.8224    0.9912     0.995    0.6786   0.02375   0.00329         0
    49/299     5.11G    0.0263  0.005282         0   0.03158        11       640    0.8696    0.9912     0.995    0.6886   0.02256  0.003318         0
    50/299     5.11G   0.02667  0.005167         0   0.03184        12       640    0.8463    0.9912    0.9943    0.6288    0.0247  0.003277         0
    51/299     5.11G   0.02671  0.005348         0   0.03205         5       640    0.8677    0.9912     0.995    0.6827   0.02265  0.003213         0
    52/299     5.11G   0.02635   0.00515         0    0.0315        12       640    0.8234    0.9912    0.9945    0.6901   0.02333  0.003427         0
    53/299     5.11G   0.02768  0.005422         0    0.0331        16       640    0.8821    0.9912    0.9949    0.6379   0.02469  0.003295         0
    54/299     5.11G    0.0266  0.005201         0    0.0318        13       640     0.809    0.9912    0.9938     0.666   0.02411  0.003578         0
    55/299     5.11G   0.02674  0.005324         0   0.03206        12       640    0.8585    0.9912    0.9949    0.7191   0.02138  0.003267         0
    56/299     5.11G   0.02631  0.005107         0   0.03142         9       640    0.9301    0.9912     0.995    0.6777    0.0225   0.00319         0
    57/299     5.11G   0.02587  0.005094         0   0.03097         6       640    0.9005    0.9912     0.995     0.719   0.02129  0.003074         0
    58/299     5.11G   0.02662  0.005105         0   0.03173        15       640    0.8276         1     0.995    0.6834   0.02337  0.003139         0
    59/299     5.11G   0.02602  0.005122         0   0.03114        10       640    0.9257    0.9922     0.995    0.6935   0.02214  0.003201         0
    60/299     5.11G   0.02498  0.005116         0    0.0301        11       640    0.8327    0.9912    0.9949    0.7069   0.02222  0.003302         0
    61/299     5.11G   0.02604   0.00505         0   0.03109        16       640    0.9438    0.9912     0.995     0.686   0.02186   0.00305         0
    62/299     5.11G   0.02541  0.004887         0    0.0303        11       640      0.96    0.9823    0.9943    0.6863   0.02317  0.003877         0
    63/299     5.11G    0.0255  0.004942         0   0.03044         9       640    0.8986    0.9912     0.995    0.6614   0.02264   0.00324         0
    64/299     5.11G   0.02532   0.00506         0   0.03038        11       640     0.936    0.9912     0.995    0.6984   0.02168  0.003125         0
    65/299     5.11G   0.02459  0.004959         0   0.02955        12       640    0.9078    0.9912    0.9949    0.7027   0.02252  0.003201         0
    66/299     5.11G   0.02497  0.004929         0    0.0299        12       640     0.928         1     0.995    0.6847   0.02307  0.003097         0
    67/299     5.11G   0.02517  0.004982         0   0.03015         9       640    0.9271    0.9912     0.995    0.6966   0.02306  0.003072         0
    68/299     5.11G   0.02482  0.005096         0   0.02992        10       640    0.9096         1     0.995    0.7034    0.0217  0.003014         0
    69/299     5.11G   0.02417  0.004885         0   0.02906        13       640    0.9581         1     0.995    0.7037   0.02193  0.002924         0
    70/299     5.11G   0.02452  0.004886         0    0.0294         8       640    0.9298    0.9912    0.9947    0.6877   0.02172     0.003         0
    71/299     5.11G   0.02525  0.005055         0    0.0303        11       640    0.9112    0.9912     0.995    0.6879   0.02186  0.003112         0
    72/299     5.11G   0.02455   0.00466         0   0.02921        12       640    0.9364    0.9912     0.995    0.6893   0.02294  0.003218         0
    73/299     5.11G   0.02497  0.004852         0   0.02983         7       640    0.9016    0.9912    0.9948    0.7139    0.0206  0.003058         0
    74/299     5.11G   0.02403  0.004895         0   0.02892        10       640    0.8843    0.9912    0.9949     0.704   0.02159  0.003254         0
    75/299     5.11G    0.0248  0.004877         0   0.02967         9       640    0.9068    0.9912     0.995    0.6789    0.0224  0.002974         0
    76/299     5.11G    0.0235  0.004703         0   0.02821        14       640    0.9021    0.9912     0.995    0.7017   0.02224  0.003006         0
    77/299     5.11G   0.02516  0.004884         0   0.03004        10       640    0.9209    0.9912     0.995    0.7023   0.02146  0.002969         0
    78/299     5.11G   0.02393  0.004793         0   0.02872        11       640    0.9121    0.9912    0.9947    0.7108   0.02123     0.003         0
    79/299     5.11G   0.02377  0.004566         0   0.02834        10       640    0.9063         1     0.995    0.7003   0.02164  0.002976         0
    80/299     5.11G   0.02431  0.004848         0   0.02915        12       640    0.9122         1    0.9947    0.6677   0.02354  0.003181         0
    81/299     5.11G   0.02457  0.004752         0   0.02932         6       640    0.9525    0.9912    0.9949    0.7054   0.02157  0.003081         0
    82/299     5.11G   0.02449  0.005065         0   0.02955        18       640    0.9461    0.9912     0.995    0.6725   0.02234  0.002981         0
    83/299     5.11G   0.02408  0.004665         0   0.02874        11       640     0.908         1     0.995    0.7127   0.02116  0.002877         0
    84/299     5.11G    0.0238  0.004757         0   0.02856        12       640    0.9478         1     0.995    0.7174   0.02073  0.002945         0
    85/299     5.11G   0.02362  0.004703         0   0.02832        19       640    0.9507         1     0.995    0.6971    0.0209  0.003008         0
    86/299     5.11G   0.02379  0.004653         0   0.02844        10       640    0.8974    0.9912    0.9949    0.7051   0.02136  0.003142         0
    87/299     5.11G   0.02404   0.00473         0   0.02877         6       640    0.9801         1     0.995    0.7003   0.02091  0.002894         0
    88/299     5.11G   0.02343  0.004643         0   0.02807        11       640    0.8968    0.9999     0.995     0.702    0.0201  0.002955         0
    89/299     5.11G   0.02316  0.004645         0    0.0278        12       640    0.9282         1    0.9949    0.6936   0.02081  0.002934         0
    90/299     5.11G   0.02285  0.004641         0   0.02749         9       640    0.9304         1     0.995    0.7085   0.02025  0.002899         0
    91/299     5.11G   0.02295  0.004489         0   0.02744        10       640    0.9255    0.9912     0.995    0.7188   0.02055   0.00296         0
    92/299     5.11G   0.02283  0.004702         0   0.02754        10       640    0.9263    0.9912     0.995    0.7053   0.02122  0.003075         0
    93/299     5.11G   0.02382  0.004922         0   0.02874        12       640    0.9369         1     0.995    0.6883    0.0219   0.00297         0
    94/299     5.11G   0.02366  0.004844         0    0.0285        11       640    0.9437         1    0.9948    0.7085   0.02151  0.003061         0
    95/299     5.11G   0.02326  0.004704         0   0.02797        12       640    0.9725    0.9912     0.995    0.7136   0.02069  0.002968         0
    96/299     5.11G   0.02293  0.004531         0   0.02746         8       640    0.9116         1    0.9942    0.7043   0.02074   0.00297         0
    97/299     5.11G   0.02319  0.004627         0   0.02782         7       640    0.9127    0.9912     0.995    0.7009   0.02154  0.002902         0
    98/299     5.11G   0.02336  0.004707         0   0.02807         9       640    0.9239         1     0.995    0.6972   0.02225  0.002942         0
    99/299     5.11G   0.02336   0.00466         0   0.02802        11       640    0.9632         1     0.995    0.7136    0.0209  0.002935         0
   100/299     5.11G   0.02269  0.004752         0   0.02744        10       640    0.9216         1     0.995    0.7079   0.02122  0.002917         0
   101/299     5.12G   0.02278  0.004794         0   0.02758         9       640     0.903    0.9912     0.995    0.7189   0.02083  0.002889         0
   102/299     5.12G   0.02243  0.004793         0   0.02723        10       640    0.9356    0.9912     0.995    0.6977   0.02123   0.00288         0
   103/299     5.12G   0.02287  0.004547         0   0.02741         8       640    0.9256    0.9912     0.995    0.7232   0.02033  0.002923         0
   104/299     5.12G   0.02268  0.004506         0   0.02718         9       640    0.9209         1     0.995    0.7232   0.02055  0.002889         0
   105/299     5.12G     0.023  0.004671         0   0.02767         8       640    0.9343         1     0.995    0.7378   0.01967  0.002855         0
   106/299     5.12G    0.0228  0.004732         0   0.02753        12       640    0.9681    0.9912     0.995    0.7231   0.02055  0.002852         0
   107/299     5.12G    0.0222  0.004715         0   0.02691        11       640    0.9033    0.9912    0.9949    0.7235   0.02109  0.003366         0
   108/299     5.12G    0.0222  0.004644         0   0.02684        17       640    0.9524         1     0.995    0.7241   0.01933  0.002895         0
   109/299     5.12G   0.02246  0.004554         0   0.02701        10       640    0.9035         1    0.9948    0.7204   0.02011  0.002897         0
   110/299     5.12G     0.022  0.004689         0   0.02668        14       640    0.9308         1    0.9949    0.7298   0.02009  0.002887         0
   111/299     5.12G   0.02215  0.004453         0    0.0266        11       640    0.9122    0.9912     0.995     0.704   0.02049  0.002897         0
   112/299     5.12G   0.02219  0.004473         0   0.02667        15       640     0.926         1     0.995    0.7192   0.02008  0.002888         0
   113/299     5.12G   0.02211  0.004553         0   0.02666         9       640    0.9352         1     0.995    0.7183   0.02005  0.002763         0
   114/299     5.12G   0.02179  0.004749         0   0.02653        12       640     0.941         1     0.995    0.7308   0.01973   0.00272         0
   115/299     5.12G   0.02168  0.004402         0   0.02608         8       640    0.9227         1     0.995    0.7171   0.02023   0.00275         0
   116/299     5.12G    0.0218  0.004748         0   0.02654        11       640    0.9393    0.9912     0.995    0.7407   0.01964   0.00273         0
   117/299     5.12G   0.02135  0.004574         0   0.02592         9       640    0.9586    0.9912     0.995    0.7077   0.02067   0.00283         0
   118/299     5.12G   0.02174  0.004577         0   0.02631         6       640    0.9585         1     0.995    0.7143   0.01946  0.002803         0
   119/299     5.12G   0.02211   0.00448         0   0.02659        17       640    0.9208         1     0.995    0.7126   0.02031  0.002837         0
   120/299     5.12G   0.02149  0.004478         0   0.02596         9       640    0.9582    0.9912     0.995     0.713   0.01964  0.002794         0
   121/299     5.12G   0.02111  0.004408         0   0.02552         5       640    0.9454         1     0.995    0.7263   0.02027  0.002798         0
   122/299     5.12G   0.02167   0.00453         0    0.0262        13       640    0.9337         1     0.995    0.7266   0.01998  0.002723         0
   123/299     5.12G   0.02174  0.004497         0   0.02624         7       640    0.9606         1     0.995    0.7253   0.01918  0.002822         0
   124/299     5.12G   0.02121  0.004587         0    0.0258        13       640    0.9167         1     0.995    0.7367   0.01949  0.002779         0
   125/299     5.12G   0.02138  0.004557         0   0.02593        11       640    0.8991    0.9912     0.995    0.7316   0.02017  0.002935         0
   126/299     5.12G   0.02096  0.004661         0   0.02562        15       640    0.9657     0.996     0.995    0.7314   0.02056  0.002841         0
   127/299     5.12G   0.02122  0.004324         0   0.02554        13       640    0.9339    0.9912     0.995    0.7349   0.01973  0.002787         0
   128/299     5.12G   0.02076  0.004263         0   0.02503        12       640    0.9395         1     0.995    0.7348   0.02028  0.002729         0
   129/299     5.12G   0.02119  0.004429         0   0.02562        15       640    0.9582         1     0.995    0.7156   0.02045  0.002741         0
   130/299     5.12G   0.02073  0.004171         0    0.0249        11       640    0.9371         1     0.995    0.7034    0.0212  0.002851         0
   131/299     5.12G   0.02059  0.004287         0   0.02487         6       640    0.9504         1     0.995    0.7264   0.02016  0.002801         0
