     0/299    0.539G    0.0997   0.01853         0    0.1182        21       640         0         0  0.001632 0.0002236   0.07074   0.01379         0
     1/299     5.11G   0.07923   0.01734         0   0.09657        18       640         0         0   0.03961  0.008564   0.05684   0.01439         0
     2/299     5.11G   0.06863   0.01755         0   0.08618        13       640    0.3499    0.2315      0.23    0.0478   0.05207   0.01266         0
     3/299     5.11G   0.06076   0.01507         0   0.07584        14       640    0.2523    0.7824    0.3803   0.07329   0.05034    0.0111         0
     4/299     5.11G    0.0551   0.01377         0   0.06887        14       640    0.4884    0.7927    0.6177    0.2178   0.04118   0.01036         0
     5/299     5.11G   0.05039   0.01318         0   0.06358        23       640    0.1637    0.9793    0.6395    0.2143   0.04134   0.01299         0
     6/299     5.11G   0.04597   0.01132         0   0.05729        17       640    0.4898    0.9751    0.9376    0.4888   0.03329  0.007634         0
     7/299     5.11G   0.04496    0.0103         0   0.05527        16       640    0.3932    0.9741    0.9154    0.4603    0.0369  0.007356         0
     8/299     5.11G   0.04327  0.009895         0   0.05316        15       640    0.4403    0.9896    0.9721    0.5192   0.03291  0.007181         0
     9/299     5.11G   0.03967   0.00867         0   0.04834        19       640    0.6763    0.9896    0.9712    0.5872   0.03035  0.005786         0
    10/299     5.11G   0.03752  0.008157         0   0.04568        15       640    0.9205    0.9845    0.9737     0.543   0.03047  0.005384         0
    11/299     5.11G   0.03592  0.007711         0   0.04363        12       640    0.7912    0.9896    0.9735    0.5903   0.02699  0.004991         0
    12/299     5.11G   0.03469  0.007083         0   0.04178        20       640    0.6726    0.9896    0.9755    0.5925   0.02728  0.004731         0
    13/299     5.11G   0.03327  0.006793         0   0.04006        13       640    0.7671    0.9896    0.9769    0.6059   0.02724   0.00446         0
    14/299     5.11G   0.03166  0.006501         0   0.03816        17       640    0.7739    0.9896    0.9761    0.5686   0.02719  0.004238         0
    15/299     5.11G   0.03173  0.006271         0     0.038        17       640    0.6654    0.9896    0.9773     0.626   0.02662  0.004364         0
    16/299     5.11G   0.03086  0.006139         0     0.037        16       640    0.9064    0.9845    0.9758    0.5911   0.02793  0.004226         0
    17/299     5.11G   0.03113  0.006181         0   0.03732        18       640    0.7834    0.9896    0.9768    0.6427   0.02549  0.004312         0
    18/299     5.11G   0.03024  0.005796         0   0.03603         9       640    0.8353    0.9896    0.9766    0.6468    0.0253  0.004142         0
    19/299     5.11G   0.02912  0.005814         0   0.03493        11       640    0.8929    0.9896    0.9784    0.6297   0.02541  0.003979         0
    20/299     5.11G   0.02928  0.005668         0   0.03495        15       640    0.8659    0.9896    0.9763    0.6337   0.02494  0.003967         0
    21/299     5.11G   0.02794  0.005558         0    0.0335        14       640    0.8691    0.9896    0.9771    0.6499   0.02569  0.003865         0
    22/299     5.11G   0.02932  0.005731         0   0.03505        14       640    0.7643    0.9896    0.9766    0.6442    0.0248  0.003971         0
    23/299     5.11G   0.02823   0.00545         0   0.03368        11       640    0.8584    0.9896    0.9782    0.6561   0.02401  0.003741         0
    24/299     5.11G   0.02833   0.00558         0    0.0339        19       640    0.8508    0.9896    0.9779    0.6683   0.02313  0.003936         0
    25/299     5.11G   0.02765  0.005393         0   0.03305        18       640    0.8514    0.9896    0.9784    0.6645   0.02477  0.003844         0
    26/299     5.11G   0.02752  0.005297         0   0.03282        13       640    0.9035    0.9896    0.9758     0.626   0.02369  0.003682         0
    27/299     5.11G   0.02721  0.005362         0   0.03257        15       640    0.8736    0.9896    0.9792    0.6726   0.02304  0.003748         0
    28/299     5.11G   0.02742  0.005308         0   0.03273        11       640    0.7987    0.9896    0.9753    0.6408   0.02468  0.003838         0
    29/299     5.11G   0.02726  0.005347         0   0.03261        13       640    0.8821    0.9896    0.9774     0.667   0.02431  0.003727         0
    30/299     5.11G   0.02664  0.005216         0   0.03186         9       640    0.8928    0.9896    0.9773    0.6754   0.02263   0.00364         0
    31/299     5.11G   0.02694  0.005307         0   0.03225        21       640    0.9328    0.9896    0.9809    0.6748   0.02272  0.003634         0
    32/299     5.11G    0.0263   0.00511         0   0.03141         8       640    0.8369    0.9896    0.9792    0.6714   0.02363  0.003591         0
    33/299     5.11G   0.02643  0.005072         0    0.0315        10       640    0.8631    0.9896    0.9803    0.6615   0.02338  0.003669         0
    34/299     5.11G   0.02591  0.004984         0    0.0309        14       640    0.8847    0.9896    0.9796    0.6667   0.02339  0.003523         0
    35/299     5.11G    0.0263  0.004983         0   0.03129        17       640     0.884    0.9896    0.9795    0.6513   0.02387  0.003584         0
    36/299     5.11G   0.02647  0.005165         0   0.03163        16       640    0.8756    0.9896    0.9786    0.6602   0.02356  0.003604         0
    37/299     5.11G     0.026  0.005105         0   0.03111        16       640    0.8855    0.9896    0.9777    0.6308    0.0238  0.003533         0
    38/299     5.11G   0.02579  0.004918         0   0.03071        15       640    0.9011    0.9896    0.9824    0.6844   0.02253  0.003447         0
    39/299     5.11G   0.02611  0.004923         0   0.03103        15       640    0.8805    0.9896    0.9789    0.6785   0.02239  0.003562         0
    40/299     5.11G   0.02619  0.005117         0    0.0313        19       640    0.9062    0.9896    0.9789    0.6718    0.0227  0.003463         0
    41/299     5.11G   0.02586  0.005015         0   0.03088        10       640    0.8841    0.9896     0.978    0.6677    0.0229  0.003436         0
    42/299     5.11G   0.02581  0.005002         0   0.03081        10       640    0.8936    0.9896    0.9777    0.6772   0.02251  0.003489         0
    43/299     5.11G   0.02524  0.004887         0   0.03013        13       640    0.9172    0.9896    0.9781    0.6873   0.02194  0.003405         0
    44/299     5.11G   0.02546  0.005031         0   0.03049        13       640    0.8911    0.9896    0.9798    0.6748   0.02251  0.003429         0
    45/299     5.11G   0.02561   0.00498         0   0.03059        15       640    0.9106    0.9896    0.9804    0.6671   0.02188  0.003455         0
    46/299     5.11G   0.02504  0.004727         0   0.02976        12       640    0.9009    0.9896    0.9809    0.6599   0.02324  0.003408         0
    47/299     5.11G   0.02498  0.004866         0   0.02984        11       640    0.9317    0.9896    0.9792    0.6828   0.02146  0.003318         0
    48/299     5.11G   0.02493  0.004888         0   0.02982        13       640    0.8629    0.9896    0.9737    0.6588   0.02219    0.0034         0
    49/299     5.11G   0.02541  0.004816         0   0.03023        18       640    0.8836    0.9896    0.9773    0.6674   0.02209  0.003408         0
    50/299     5.11G   0.02546   0.00496         0   0.03042        18       640    0.8937    0.9896    0.9806    0.6904     0.022  0.003413         0
    51/299     5.11G   0.02459  0.004756         0   0.02934        14       640    0.8768    0.9896    0.9785    0.6798   0.02192  0.003437         0
    52/299     5.11G   0.02505  0.004947         0   0.02999         9       640    0.9082    0.9896    0.9784    0.6774   0.02109  0.003418         0
    53/299     5.11G   0.02391  0.004656         0   0.02856        19       640    0.8867    0.9896    0.9809    0.6822   0.02136  0.003344         0
    54/299     5.11G   0.02455  0.004815         0   0.02936         9       640    0.8608    0.9845      0.98    0.6842   0.02141  0.003444         0
    55/299     5.11G   0.02395  0.004716         0   0.02867        12       640     0.908    0.9896    0.9822    0.7039   0.02062  0.003307         0
    56/299     5.11G   0.02468  0.004752         0   0.02943        12       640     0.836    0.9896    0.9772    0.6899   0.02179  0.003413         0
    57/299     5.11G   0.02416  0.004732         0   0.02889        15       640    0.8684    0.9896    0.9745    0.6747    0.0218  0.003387         0
    58/299     5.11G   0.02444  0.004625         0   0.02906        14       640     0.867    0.9896    0.9795    0.6768   0.02127  0.003447         0
    59/299     5.11G   0.02427  0.004772         0   0.02904        13       640    0.9302    0.9896    0.9804    0.7007   0.02087  0.003356         0
    60/299     5.11G   0.02424  0.004811         0   0.02905        17       640    0.8921    0.9896    0.9764    0.6848   0.02076  0.003358         0
    61/299     5.11G   0.02404   0.00473         0   0.02877        19       640    0.9409    0.9896     0.981    0.6998   0.02093  0.003334         0
    62/299     5.11G   0.02344   0.00464         0   0.02808        11       640    0.8879    0.9896    0.9814    0.7022   0.02086  0.003325         0
    63/299     5.11G   0.02361  0.004659         0   0.02827        13       640    0.8943    0.9896    0.9768    0.6932   0.02071  0.003391         0
    64/299     5.11G   0.02368  0.004777         0   0.02845        17       640    0.8729    0.9896    0.9805    0.6923   0.02073  0.003339         0
    65/299     5.11G   0.02379   0.00461         0    0.0284        17       640    0.9352    0.9896    0.9813    0.6886   0.02155  0.003311         0
    66/299     5.11G   0.02313  0.004631         0   0.02776        22       640     0.877    0.9896    0.9802    0.6931   0.02088  0.003337         0
    67/299     5.11G   0.02327   0.00458         0   0.02785        11       640    0.9007    0.9896    0.9753    0.6838   0.02142  0.003328         0
    68/299     5.11G   0.02333  0.004621         0   0.02795        14       640    0.9027    0.9896    0.9761    0.6849   0.02113  0.003325         0
    69/299     5.11G   0.02328   0.00449         0   0.02777        17       640    0.9031    0.9896    0.9766    0.6962   0.02065  0.003325         0
    70/299     5.11G   0.02306  0.004661         0   0.02772        13       640    0.9065    0.9896    0.9703    0.6857   0.02145  0.003298         0
    71/299     5.11G   0.02281  0.004538         0   0.02735        23       640    0.9123    0.9896    0.9759     0.693   0.02084  0.003312         0
    72/299     5.11G   0.02315  0.004638         0   0.02779        15       640    0.9218    0.9896    0.9793     0.704   0.01984  0.003231         0
    73/299     5.11G   0.02321  0.004576         0   0.02778        12       640    0.9272    0.9896    0.9784    0.6968   0.02059  0.003263         0
    74/299     5.11G   0.02287  0.004427         0   0.02729        13       640    0.8866    0.9896    0.9759    0.6975   0.02075  0.003331         0
    75/299     5.11G   0.02345   0.00452         0   0.02797        11       640    0.9311    0.9896    0.9742    0.6963   0.02041    0.0032         0
    76/299     5.11G   0.02333  0.004539         0   0.02787        17       640    0.9351    0.9896    0.9808     0.707      0.02  0.003212         0
    77/299     5.11G   0.02325  0.004543         0   0.02779        13       640    0.9405    0.9896    0.9801    0.7063   0.02063   0.00321         0
    78/299     5.11G   0.02278   0.00437         0   0.02715        16       640    0.9259    0.9896    0.9813    0.7097   0.01958  0.003114         0
    79/299     5.11G    0.0227  0.004533         0   0.02723         8       640    0.8873    0.9896    0.9812     0.692   0.02168  0.003249         0
    80/299     5.11G   0.02264  0.004526         0   0.02716        13       640    0.9009    0.9896    0.9799    0.7136   0.01981  0.003146         0
    81/299     5.11G   0.02248  0.004416         0    0.0269        18       640     0.911    0.9896    0.9786     0.705   0.02036  0.003102         0
    82/299     5.11G   0.02265  0.004526         0   0.02717        10       640     0.884    0.9896    0.9801    0.7089   0.01933  0.003184         0
    83/299     5.11G   0.02212  0.004453         0   0.02657        12       640    0.9341    0.9896    0.9795    0.7065   0.02021  0.003135         0
    84/299     5.11G   0.02197  0.004482         0   0.02645        16       640    0.9118    0.9896    0.9762    0.6862   0.02063  0.003269         0
    85/299     5.11G   0.02226  0.004498         0   0.02676        14       640    0.8937    0.9896    0.9778    0.6926   0.02018  0.003134         0
    86/299     5.11G   0.02201  0.004548         0   0.02656        13       640    0.9266    0.9896    0.9766     0.707   0.02015  0.003163         0
    87/299     5.11G   0.02233  0.004377         0   0.02671        10       640     0.836    0.9896    0.9786    0.7037   0.02013  0.003264         0
    88/299     5.11G   0.02196  0.004444         0    0.0264        17       640    0.9206    0.9896    0.9814    0.6979   0.02025  0.003158         0
    89/299     5.11G   0.02247  0.004477         0   0.02695        24       640    0.9266    0.9896    0.9814    0.6996   0.02035  0.003216         0
    90/299     5.11G   0.02215  0.004504         0   0.02665        14       640    0.8889    0.9896    0.9807    0.7077   0.01999  0.003216         0
    91/299     5.11G   0.02267  0.004424         0   0.02709        11       640    0.9243    0.9896    0.9802    0.7091   0.01944  0.003125         0
    92/299     5.11G   0.02199  0.004485         0   0.02648        12       640    0.9083    0.9896    0.9792    0.7162   0.01991  0.003216         0
    93/299     5.11G    0.0216  0.004365         0   0.02597        13       640    0.8675    0.9896    0.9778    0.7141   0.01976  0.003206         0
    94/299     5.11G   0.02188  0.004555         0   0.02644        15       640    0.9308    0.9896    0.9784    0.7077   0.01955  0.003178         0
    95/299     5.11G   0.02151  0.004318         0   0.02583        13       640    0.9116    0.9896    0.9804    0.7014    0.0199  0.003157         0
    96/299     5.11G    0.0219  0.004362         0   0.02626        19       640    0.9081    0.9896    0.9772    0.7073   0.01959  0.003165         0
    97/299     5.11G    0.0218  0.004403         0    0.0262        14       640    0.8728    0.9896    0.9798    0.7031   0.01986  0.003209         0
    98/299     5.11G   0.02157  0.004301         0   0.02588        18       640    0.9203    0.9896    0.9813    0.7018   0.02072  0.003253         0
    99/299     5.11G   0.02207  0.004382         0   0.02645        13       640    0.9237    0.9896    0.9799    0.6974   0.02011  0.003229         0
   100/299     5.11G   0.02172  0.004315         0   0.02604        13       640    0.8993    0.9896    0.9766    0.7059   0.02013  0.003144         0
   101/299     5.11G   0.02167  0.004293         0   0.02596        13       640     0.933    0.9896    0.9807    0.7128   0.01943  0.003051         0
   102/299     5.11G   0.02155  0.004295         0   0.02585        18       640    0.9026    0.9896    0.9805    0.7107   0.01994   0.00309         0
   103/299     5.11G   0.02106  0.004238         0    0.0253        14       640    0.9345    0.9896    0.9793    0.7154   0.01968  0.003084         0
   104/299     5.11G   0.02137  0.004419         0   0.02579         8       640    0.9421    0.9896     0.981    0.7066    0.0197  0.003127         0
   105/299     5.11G   0.02134  0.004363         0    0.0257        15       640    0.9226    0.9896    0.9807    0.7068    0.0203  0.003148         0
   106/299     5.11G   0.02106   0.00448         0   0.02554        15       640    0.9375    0.9896    0.9815    0.7092   0.01959  0.003087         0
   107/299     5.11G   0.02136  0.004231         0   0.02559        16       640    0.9046    0.9896    0.9733    0.6967   0.02054  0.003159         0
   108/299     5.11G   0.02143  0.004257         0   0.02568        13       640    0.8908    0.9896     0.979    0.7036   0.02021  0.003206         0
   109/299     5.11G   0.02124  0.004318         0   0.02556        10       640    0.8809    0.9896     0.976    0.6987    0.0199  0.003133         0
   110/299     5.11G   0.02115  0.004227         0   0.02538        12       640    0.9071    0.9896    0.9787    0.7035   0.01975  0.003087         0
   111/299     5.11G   0.02106  0.004231         0   0.02529        10       640      0.89    0.9896      0.98    0.7194   0.01894  0.003076         0
   112/299     5.11G     0.021  0.004352         0   0.02535        15       640    0.9307    0.9896    0.9757    0.7098   0.02001    0.0031         0
   113/299     5.11G   0.02105  0.004326         0   0.02538        14       640    0.9371    0.9896    0.9794    0.7066   0.01995  0.003076         0
   114/299     5.11G   0.02117  0.004284         0   0.02546        13       640    0.9414    0.9896     0.973    0.7073   0.02027  0.003121         0
   115/299     5.11G   0.02139  0.004431         0   0.02582        12       640    0.9156    0.9896    0.9778    0.7082   0.01995  0.003072         0
   116/299     5.11G   0.02092  0.004471         0   0.02539        19       640     0.906    0.9896    0.9747    0.7018   0.02027  0.003092         0
   117/299     5.11G   0.02062  0.004308         0   0.02493        16       640    0.9208    0.9896    0.9807    0.7152   0.01961  0.003065         0
   118/299     5.11G   0.02082  0.004197         0   0.02501        11       640    0.9292    0.9896    0.9809    0.7087      0.02  0.003089         0
   119/299     5.11G   0.02067  0.004303         0   0.02497        20       640    0.9196    0.9896    0.9773    0.7003   0.02006  0.003094         0
   120/299     5.11G   0.02069  0.004291         0   0.02498        16       640    0.9419    0.9896     0.981    0.7186   0.02003  0.003071         0
   121/299     5.11G   0.02069  0.004183         0   0.02487        14       640    0.9305    0.9896    0.9807    0.7063   0.02018  0.003057         0
   122/299     5.11G   0.02106   0.00441         0   0.02547        10       640    0.9347    0.9896    0.9755    0.6888   0.02039  0.003107         0
   123/299     5.11G   0.02093  0.004365         0   0.02529        16       640    0.9483    0.9896     0.981    0.7069   0.01982  0.003065         0
   124/299     5.11G   0.02055  0.004264         0   0.02481        12       640    0.9397    0.9896    0.9798    0.7089   0.01942  0.003054         0
   125/299     5.11G   0.02024  0.004297         0   0.02454        18       640    0.8805    0.9896    0.9741    0.7075   0.01957  0.003095         0
   126/299     5.11G   0.02048   0.00417         0   0.02465        16       640     0.932    0.9896    0.9786    0.7021   0.02021  0.003084         0
   127/299     5.11G   0.02044   0.00413         0   0.02457        12       640    0.9323    0.9896    0.9748    0.7129   0.01994  0.003025         0
   128/299     5.11G   0.02054  0.004274         0   0.02481        13       640    0.9142    0.9896    0.9733    0.7027   0.01991  0.003057         0
   129/299     5.11G   0.02019  0.004206         0   0.02439        14       640    0.9338    0.9896    0.9741    0.6962   0.01992  0.003029         0
   130/299     5.11G   0.02065  0.004332         0   0.02498        13       640    0.9238    0.9896     0.975    0.6976      0.02  0.003099         0
   131/299     5.11G   0.01996  0.004195         0   0.02416        15       640    0.9217    0.9896    0.9773    0.6987   0.02017   0.00308         0
   132/299     5.11G   0.02041  0.004033         0   0.02444         9       640    0.9258    0.9896    0.9789    0.7107   0.01979  0.003085         0
   133/299     5.11G   0.02049   0.00422         0   0.02471        15       640    0.9316    0.9896    0.9787    0.7071   0.02014  0.003042         0
   134/299     5.11G   0.02045  0.004201         0   0.02465        11       640    0.9336    0.9896    0.9795    0.7138   0.01971  0.003012         0
   135/299     5.11G   0.01989   0.00405         0   0.02394        13       640    0.9344    0.9896    0.9782    0.7113   0.01956  0.003007         0
   136/299     5.11G    0.0199  0.004276         0   0.02417        13       640    0.8917    0.9896     0.979    0.7209   0.01938  0.003036         0
   137/299     5.11G   0.01995  0.004184         0   0.02413        13       640    0.9298    0.9896    0.9771    0.7051   0.01986  0.003107         0
   138/299     5.11G   0.01988  0.004027         0   0.02391        16       640    0.9347    0.9896    0.9792     0.708   0.01983   0.00305         0
   139/299     5.11G   0.01992  0.004187         0   0.02411        12       640    0.9185    0.9896     0.974    0.7004   0.02015  0.003021         0
   140/299     5.11G   0.02047  0.004231         0    0.0247        16       640     0.942    0.9896    0.9793    0.7102   0.01988   0.00304         0
   141/299     5.11G   0.02009  0.004349         0   0.02444        18       640    0.9141    0.9896    0.9798    0.7103   0.01957  0.003079         0
   142/299     5.11G   0.02014  0.004207         0   0.02435        19       640    0.8875    0.9896    0.9788    0.7125   0.02001  0.003093         0
   143/299     5.11G   0.01989  0.004109         0     0.024        12       640    0.9254    0.9896      0.98    0.7133   0.01983  0.003034         0
   144/299     5.11G   0.02026  0.004167         0   0.02443        12       640    0.9299    0.9896    0.9803    0.7136    0.0197  0.003027         0
   145/299     5.11G   0.01967  0.004098         0   0.02377        10       640    0.9298    0.9896      0.98    0.7117   0.01975  0.003042         0
   146/299     5.11G   0.01975  0.004041         0   0.02379        11       640    0.9318    0.9896    0.9788    0.7165   0.01928  0.002988         0
   147/299     5.11G   0.01959  0.004169         0   0.02376        15       640    0.9279    0.9896    0.9778    0.7126   0.01958  0.003114         0
   148/299     5.11G    0.0198  0.004141         0   0.02394        16       640    0.9225    0.9896    0.9777    0.7082    0.0198  0.003002         0
   149/299     5.11G   0.01968  0.004139         0   0.02382        13       640    0.9516    0.9896    0.9792    0.7165   0.01967  0.003016         0
   150/299     5.11G   0.01954  0.004233         0   0.02377        17       640    0.9044    0.9896    0.9778    0.7171   0.01952  0.003128         0
   151/299     5.11G   0.01952  0.004144         0   0.02366        15       640    0.9384    0.9896    0.9761    0.7126   0.01947  0.003023         0
   152/299     5.11G   0.01948  0.003998         0   0.02347        13       640    0.9362    0.9896    0.9787    0.7126   0.01936  0.002925         0
   153/299     5.11G   0.01906  0.003958         0   0.02302        16       640    0.9267    0.9896    0.9759    0.7139   0.01935  0.003008         0
   154/299     5.11G   0.01946  0.003984         0   0.02345        18       640    0.9176    0.9896     0.975    0.7217   0.01892  0.003036         0
   155/299     5.11G   0.01926  0.004076         0   0.02333        12       640    0.8992    0.9896    0.9789      0.71   0.01935  0.003063         0
   156/299     5.11G   0.01909   0.00398         0   0.02307        12       640    0.9455    0.9896    0.9781    0.7145   0.01937  0.003009         0
   157/299     5.11G   0.01951  0.004112         0   0.02362        12       640    0.9353    0.9896    0.9797    0.7076   0.01974  0.003054         0
   158/299     5.11G    0.0194  0.004078         0   0.02348        11       640    0.9474    0.9896    0.9774     0.717   0.01923  0.002957         0
   159/299     5.11G   0.01915  0.004006         0   0.02315        12       640    0.9298    0.9896    0.9785     0.704   0.01949   0.00296         0
   160/299     5.11G   0.01903  0.004058         0   0.02309        18       640    0.8984    0.9896    0.9767     0.697   0.01993  0.003079         0
   161/299     5.11G   0.01892  0.003903         0   0.02282        18       640    0.9463    0.9896    0.9783    0.7051   0.01988  0.002985         0
   162/299     5.11G   0.01922  0.004114         0   0.02333        13       640     0.931    0.9896    0.9761    0.7086   0.01949  0.002971         0
   163/299     5.11G   0.01902  0.004031         0   0.02305        12       640    0.9415    0.9896    0.9781    0.6952   0.02019  0.003028         0
   164/299     5.11G   0.01873  0.003968         0   0.02269        12       640    0.9376    0.9896    0.9762    0.6994   0.02053  0.003049         0
   165/299     5.11G   0.01897  0.004069         0   0.02304        12       640    0.9453    0.9896    0.9781     0.703   0.02022   0.00307         0
   166/299     5.11G   0.01896  0.004051         0   0.02301        14       640    0.9378    0.9896    0.9733      0.71   0.01947  0.003013         0
   167/299     5.11G   0.01885  0.003855         0   0.02271        14       640      0.93    0.9896    0.9723    0.6985   0.01956  0.003012         0
   168/299     5.11G   0.01887  0.003985         0   0.02286        15       640    0.9247    0.9896    0.9786    0.7133   0.01972   0.00298         0
   169/299     5.11G   0.01863  0.003958         0   0.02259        17       640    0.9422    0.9896    0.9762    0.7091   0.01927  0.002944         0
   170/299     5.11G   0.01859  0.004063         0   0.02265        14       640    0.9429    0.9896    0.9784    0.7143   0.01919  0.002915         0
   171/299     5.11G   0.01835  0.003911         0   0.02227        11       640    0.9259    0.9896    0.9774     0.712   0.01963  0.002962         0
   172/299     5.11G   0.01853  0.003936         0   0.02247        12       640    0.9125    0.9896    0.9758    0.7151   0.01926  0.002957         0
   173/299     5.11G   0.01869  0.003976         0   0.02267        15       640    0.9115    0.9896    0.9782    0.7182    0.0192   0.00294         0
   174/299     5.11G   0.01869  0.003865         0   0.02255        15       640    0.9297    0.9896    0.9773    0.7118   0.01946  0.002981         0
   175/299     5.11G   0.01853  0.003896         0   0.02242        12       640    0.9368    0.9896    0.9796    0.7159   0.01925   0.00298         0
   176/299     5.11G   0.01832  0.003825         0   0.02215        13       640    0.9259    0.9896    0.9777    0.7094   0.01924   0.00299         0
   177/299     5.11G    0.0184  0.003862         0   0.02227        12       640    0.9273    0.9896     0.978    0.7105   0.01925  0.002986         0
   178/299     5.11G   0.01836  0.004015         0   0.02237         8       640    0.9514    0.9896    0.9779    0.7065   0.01924  0.002947         0
   179/299     5.11G   0.01831  0.003899         0   0.02221        16       640    0.9311    0.9896    0.9751    0.7055   0.01946  0.003022         0
   180/299     5.11G   0.01816   0.00388         0   0.02204        11       640    0.9476    0.9896    0.9762    0.7062   0.01946  0.002977         0
   181/299     5.11G   0.01836   0.00397         0   0.02233        15       640    0.9306    0.9896    0.9734    0.7094   0.01932  0.002977         0
   182/299     5.11G   0.01857  0.004005         0   0.02258        20       640    0.9328    0.9896    0.9746     0.719   0.01898  0.002987         0
   183/299     5.11G   0.01803  0.003911         0   0.02194        20       640    0.9249    0.9896    0.9739    0.7012    0.0195  0.003025         0
   184/299     5.11G   0.01833  0.003934         0   0.02227        14       640    0.9301    0.9896    0.9774    0.7082   0.01923  0.003029         0
   185/299     5.11G   0.01787  0.003802         0   0.02168        11       640    0.9409    0.9896    0.9755    0.7025   0.01954  0.003044         0
   186/299     5.11G   0.01749  0.003914         0    0.0214        14       640    0.9421    0.9896    0.9747    0.6988   0.01957  0.003063         0
   187/299     5.11G    0.0179  0.003907         0    0.0218        16       640    0.9437    0.9896     0.978    0.7064    0.0196   0.00309         0
   188/299     5.11G   0.01818  0.004067         0   0.02225        18       640    0.9426    0.9896    0.9753    0.6947   0.01992  0.003058         0
   189/299     5.11G   0.01778  0.003866         0   0.02165        20       640    0.9358    0.9896    0.9764    0.7025   0.01985  0.003025         0
   190/299     5.11G    0.0179  0.003858         0   0.02175        10       640    0.9245    0.9896    0.9721    0.6991   0.01957   0.00305         0
   191/299     5.11G   0.01844  0.003884         0   0.02232        15       640    0.9458    0.9896    0.9726    0.7019   0.01947  0.003057         0
   192/299     5.11G   0.01778  0.003815         0    0.0216        13       640    0.9433    0.9896    0.9744    0.7052   0.01962  0.003036         0
   193/299     5.11G   0.01781  0.003933         0   0.02174        10       640    0.9472    0.9896    0.9741    0.7069   0.01973  0.003042         0
   194/299     5.11G   0.01795  0.003866         0   0.02182        11       640    0.9515    0.9896    0.9765    0.7037    0.0194  0.002997         0
   195/299     5.11G   0.01798  0.003945         0   0.02193        15       640    0.9438    0.9896    0.9769    0.7083   0.01947  0.003051         0
   196/299     5.11G   0.01745  0.003861         0   0.02131        10       640    0.9396    0.9896    0.9753    0.7053   0.01934  0.002991         0
   197/299     5.11G   0.01761  0.003851         0   0.02147        11       640    0.9379    0.9896    0.9772    0.7039   0.01981  0.003014         0
   198/299     5.11G   0.01761  0.003764         0   0.02137        18       640    0.9343    0.9896    0.9782    0.6998   0.01964   0.00297         0
   199/299     5.11G   0.01753  0.003907         0   0.02144         7       640    0.9316    0.9896    0.9798    0.7053   0.01934  0.002959         0
   200/299     5.11G   0.01755  0.003877         0   0.02142        13       640    0.9446    0.9896    0.9786    0.7004   0.01951  0.002962         0
   201/299     5.11G   0.01753  0.003661         0   0.02119         9       640    0.9372    0.9896    0.9737    0.6971   0.01971  0.002944         0
   202/299     5.11G    0.0175  0.003859         0   0.02136        14       640    0.9326    0.9896    0.9763    0.7088   0.01953  0.002976         0
   203/299     5.11G   0.01728  0.003926         0   0.02121        14       640    0.9321    0.9896    0.9784    0.7026   0.01949  0.003005         0
   204/299     5.11G   0.01708   0.00375         0   0.02083        12       640    0.9364    0.9896    0.9777    0.7039   0.01924  0.002967         0
   205/299     5.11G   0.01719  0.003904         0    0.0211        15       640    0.9245    0.9896    0.9754    0.6996   0.01938  0.003001         0
   206/299     5.11G   0.01744  0.003621         0   0.02106        14       640    0.9387    0.9896    0.9773    0.7037   0.01945  0.003019         0
   207/299     5.11G   0.01728  0.003758         0   0.02103        19       640    0.9414    0.9896    0.9764    0.7068   0.01944   0.00296         0
   208/299     5.11G   0.01731  0.003908         0   0.02122        10       640    0.9441    0.9896    0.9751    0.7001   0.01949  0.002944         0
   209/299     5.11G   0.01708  0.003849         0   0.02093        19       640    0.9503    0.9896    0.9769     0.706    0.0194  0.002952         0
   210/299     5.11G   0.01697  0.003857         0   0.02083        13       640    0.9474    0.9896    0.9784    0.7015   0.01953  0.002982         0
   211/299     5.11G   0.01707  0.003727         0    0.0208        14       640    0.9384    0.9896    0.9786    0.6994   0.01963  0.003028         0
   212/299     5.11G   0.01707  0.003806         0   0.02088        15       640    0.9539    0.9896      0.98     0.708   0.01931   0.00299         0
   213/299     5.11G   0.01729  0.003753         0   0.02104        18       640    0.9482    0.9896    0.9794    0.7075   0.01919  0.002959         0
   214/299     5.11G   0.01694  0.003725         0   0.02066        19       640    0.9366    0.9896     0.981    0.7208   0.01907  0.002914         0
   215/299     5.11G     0.017   0.00372         0   0.02072        11       640     0.935    0.9896    0.9801    0.7125   0.01884  0.002941         0
   216/299     5.11G   0.01674  0.003744         0   0.02048        24       640    0.9367    0.9896    0.9789    0.7202   0.01861  0.002855         0
   217/299     5.11G   0.01687  0.003812         0   0.02068        21       640    0.9297    0.9896    0.9787    0.7141   0.01883  0.002904         0
   218/299     5.11G   0.01731  0.003782         0   0.02109        11       640    0.9333    0.9896    0.9789    0.7135   0.01893  0.002904         0
   219/299     5.11G   0.01679  0.003715         0   0.02051        17       640    0.9368    0.9896    0.9785    0.7105   0.01882  0.002909         0
   220/299     5.11G   0.01686  0.003638         0    0.0205        15       640    0.9407    0.9896    0.9786    0.7209   0.01868  0.002869         0
   221/299     5.11G   0.01681  0.003742         0   0.02055        12       640    0.9427    0.9896    0.9764    0.7139   0.01891  0.002873         0
   222/299     5.11G   0.01708  0.003875         0   0.02095        17       640    0.9461    0.9896    0.9779    0.7124   0.01904  0.002923         0
   223/299     5.11G   0.01674  0.003745         0   0.02049        11       640     0.941    0.9896    0.9787    0.7134   0.01918  0.002959         0
   224/299     5.11G   0.01655  0.003782         0   0.02033        11       640    0.9352    0.9896    0.9788    0.7056   0.01961   0.00296         0
   225/299     5.11G   0.01632  0.003668         0   0.01999        17       640    0.9374    0.9896     0.979    0.7055    0.0195  0.002978         0
   226/299     5.11G   0.01655  0.003813         0   0.02036        14       640    0.9388    0.9896    0.9789    0.7112    0.0194  0.002953         0
   227/299     5.11G   0.01627  0.003722         0   0.01999        19       640     0.944    0.9896     0.979    0.7123    0.0195   0.00298         0
   228/299     5.11G   0.01664  0.003673         0   0.02032         9       640    0.9508    0.9896    0.9791    0.7099   0.01938  0.002938         0
   229/299     5.11G   0.01669   0.00368         0   0.02037        11       640    0.9543    0.9896    0.9774    0.7125    0.0192  0.002931         0
   230/299     5.11G   0.01634  0.003654         0      0.02        15       640    0.9547    0.9896     0.977    0.7156   0.01924  0.002912         0
   231/299     5.11G   0.01647  0.003637         0   0.02011        17       640    0.9376    0.9896    0.9777     0.717   0.01922  0.002907         0
   232/299     5.11G   0.01664  0.003709         0   0.02035        12       640    0.9224    0.9896    0.9789    0.7106   0.01918  0.002932         0
   233/299     5.11G   0.01654  0.003754         0   0.02029        22       640    0.9263    0.9896    0.9794     0.706   0.01947  0.002939         0
   234/299     5.11G   0.01649  0.003635         0   0.02013        11       640    0.9232    0.9896     0.979    0.7056   0.01964  0.002975         0
   235/299     5.11G   0.01614   0.00371         0   0.01985        16       640    0.9339    0.9896    0.9755    0.7001    0.0196  0.002973         0
   236/299     5.11G   0.01604   0.00368         0   0.01972        10       640    0.9352    0.9896    0.9749    0.7037    0.0197  0.002988         0
   237/299     5.11G    0.0159  0.003608         0   0.01951        16       640    0.9372    0.9896     0.977    0.7074    0.0195  0.002965         0
   238/299     5.11G   0.01659    0.0037         0   0.02029        17       640    0.9423    0.9896    0.9779    0.7036   0.01964  0.002986         0
   239/299     5.11G    0.0159  0.003548         0   0.01945        15       640    0.9403    0.9896    0.9787    0.7095   0.01953  0.003003         0
   240/299     5.11G   0.01612   0.00364         0   0.01976        14       640    0.9414    0.9896    0.9789    0.7098   0.01957  0.003024         0
   241/299     5.11G   0.01607  0.003684         0   0.01975        12       640     0.939    0.9896    0.9795    0.7099   0.01951  0.002986         0
   242/299     5.11G   0.01604   0.00357         0   0.01961        15       640    0.9399    0.9896    0.9785    0.7095    0.0198  0.003018         0
   243/299     5.11G   0.01595  0.003539         0   0.01949        13       640    0.9341    0.9896    0.9747    0.7136   0.01961  0.002992         0
   244/299     5.11G   0.01617  0.003669         0   0.01984        16       640    0.9275    0.9896    0.9736    0.7066   0.01959  0.002995         0
   245/299     5.11G   0.01584  0.003641         0   0.01948        14       640    0.9319    0.9896    0.9748    0.7043   0.01962  0.003005         0
   246/299     5.11G   0.01598  0.003487         0   0.01947        10       640    0.9345    0.9896    0.9791    0.7105   0.01958  0.003019         0
   247/299     5.11G   0.01585  0.003568         0   0.01942        17       640    0.9447    0.9896    0.9795    0.7089   0.01969  0.002973         0
   248/299     5.11G   0.01608  0.003673         0   0.01975        17       640    0.9365    0.9896    0.9782     0.708    0.0196  0.003002         0
   249/299     5.11G   0.01588  0.003572         0   0.01945        12       640    0.9299    0.9896    0.9779     0.711    0.0195  0.003005         0
   250/299     5.11G   0.01573  0.003461         0   0.01919        20       640    0.9311    0.9896    0.9778    0.7061   0.01964  0.003021         0
   251/299     5.11G   0.01591  0.003554         0   0.01946        20       640     0.931    0.9896    0.9771    0.6997   0.01954  0.003011         0
   252/299     5.11G   0.01593  0.003495         0   0.01942        12       640    0.9355    0.9896    0.9788     0.704   0.01966  0.002993         0
   253/299     5.11G   0.01611  0.003586         0    0.0197        13       640    0.9414    0.9896    0.9793    0.7061   0.01986  0.003004         0
   254/299     5.11G   0.01561  0.003558         0   0.01916        13       640    0.9308    0.9896    0.9787    0.7009   0.01978  0.002965         0
   255/299     5.11G   0.01553   0.00351         0   0.01904        14       640    0.9415    0.9896     0.979    0.7059    0.0198  0.003014         0
   256/299     5.11G   0.01578  0.003569         0   0.01935        14       640    0.9413    0.9896    0.9791    0.7094   0.01956  0.003002         0
   257/299     5.11G   0.01544  0.003573         0   0.01902        15       640    0.9442    0.9896    0.9791     0.705   0.01951  0.002989         0
   258/299     5.11G   0.01532  0.003492         0   0.01881        16       640    0.9449    0.9896    0.9793    0.7026   0.01962  0.002996         0
   259/299     5.11G   0.01547  0.003524         0   0.01899        19       640    0.9421    0.9896     0.979    0.7014   0.01963  0.002984         0
   260/299     5.11G    0.0157  0.003513         0   0.01922        11       640    0.9414    0.9896    0.9787    0.7046   0.01951  0.002974         0
   261/299     5.11G   0.01537  0.003559         0   0.01893        14       640     0.951    0.9896    0.9783    0.7127   0.01939   0.00293         0
   262/299     5.11G   0.01537  0.003508         0   0.01888        13       640    0.9469    0.9896    0.9777    0.7029   0.01937   0.00296         0
   263/299     5.11G   0.01533  0.003478         0   0.01881        11       640    0.9496    0.9896    0.9779    0.7059   0.01937  0.002969         0
   264/299     5.11G   0.01501  0.003476         0   0.01849        18       640    0.9407    0.9896    0.9785    0.7082   0.01955  0.002994         0
   265/299     5.11G   0.01532  0.003694         0   0.01901        16       640    0.9427    0.9896     0.979    0.7135   0.01947     0.003         0
   266/299     5.11G   0.01525  0.003481         0   0.01873         9       640    0.9441    0.9896     0.979    0.7132   0.01945  0.002958         0
   267/299     5.11G    0.0153   0.00336         0   0.01866        14       640    0.9418    0.9896    0.9784     0.713   0.01945  0.002945         0
   268/299     5.11G   0.01495  0.003443         0    0.0184         8       640    0.9478    0.9896    0.9787    0.7066   0.01934  0.002903         0
   269/299     5.11G    0.0155  0.003624         0   0.01912        15       640    0.9506    0.9896    0.9781    0.7053   0.01953  0.002913         0
   270/299     5.11G   0.01516  0.003556         0   0.01872        15       640    0.9482    0.9896    0.9784     0.709    0.0196  0.002936         0
   271/299     5.11G   0.01535   0.00348         0   0.01883        15       640    0.9502    0.9896    0.9782    0.7098   0.01971  0.002983         0
   272/299     5.11G   0.01543   0.00359         0   0.01902        13       640    0.9551    0.9896     0.978    0.7082   0.01968  0.002954         0
   273/299     5.11G   0.01508  0.003409         0   0.01849        13       640    0.9468    0.9896    0.9769    0.7076   0.01953  0.002972         0
   274/299     5.11G   0.01494  0.003387         0   0.01832        15       640    0.9507    0.9896    0.9773    0.7095   0.01945  0.002954         0
   275/299     5.11G   0.01512  0.003547         0   0.01867        18       640    0.9378    0.9896    0.9774    0.7082   0.01969  0.002979         0
   276/299     5.11G   0.01515  0.003428         0   0.01858        14       640    0.9356    0.9896    0.9767    0.7117   0.01957  0.002958         0
   277/299     5.11G   0.01487  0.003444         0   0.01832         8       640    0.9423    0.9896    0.9767    0.7084   0.01929  0.002892         0
   278/299     5.11G   0.01492  0.003504         0   0.01842        16       640    0.9405    0.9896    0.9769    0.7114   0.01927  0.002881         0
   279/299     5.11G   0.01515  0.003483         0   0.01864        20       640    0.9425    0.9896     0.977     0.706   0.01955  0.002876         0
   280/299     5.11G   0.01503  0.003565         0   0.01859        16       640    0.9396    0.9896    0.9771     0.706   0.01962  0.002893         0
   281/299     5.11G   0.01477   0.00345         0   0.01822        11       640    0.9412    0.9896    0.9768    0.7024   0.01946  0.002876         0
   282/299     5.11G   0.01494  0.003386         0   0.01833        13       640    0.9409    0.9896    0.9768    0.7061    0.0194  0.002882         0
   283/299     5.11G   0.01482  0.003538         0   0.01836         9       640    0.9384    0.9896     0.977    0.7021    0.0195  0.002919         0
   284/299     5.11G   0.01498  0.003417         0    0.0184        13       640    0.9363    0.9896    0.9769    0.6986   0.01953  0.002916         0
   285/299     5.11G   0.01479  0.003515         0   0.01831        12       640    0.9337    0.9896    0.9769    0.7006   0.01967   0.00296         0
   286/299     5.11G   0.01503  0.003552         0   0.01859        15       640     0.939    0.9896    0.9783    0.7052   0.01967  0.002958         0
   287/299     5.11G   0.01471  0.003306         0   0.01802        10       640    0.9301    0.9896    0.9786    0.7014   0.01968   0.00301         0
   288/299     5.11G   0.01493  0.003509         0   0.01843        18       640    0.9292    0.9896    0.9792     0.703   0.01965  0.003005         0
   289/299     5.11G   0.01491  0.003418         0   0.01832        10       640    0.9421    0.9896    0.9793    0.7024   0.01964  0.002989         0
   290/299     5.11G   0.01442  0.003391         0   0.01781        14       640    0.9476    0.9896    0.9793    0.7034   0.01968  0.002978         0
   291/299     5.11G   0.01482  0.003434         0   0.01825        17       640     0.947    0.9896    0.9786    0.7047   0.01968  0.002957         0
   292/299     5.11G   0.01466  0.003343         0     0.018        12       640    0.9449    0.9896    0.9785    0.7001   0.01971  0.002961         0
   293/299     5.11G   0.01483  0.003469         0    0.0183        17       640    0.9467    0.9896    0.9788    0.7009   0.01965  0.002964         0
   294/299     5.11G    0.0148  0.003493         0   0.01829        21       640    0.9468    0.9896    0.9791    0.7017   0.01962   0.00297         0
   295/299     5.11G   0.01456  0.003395         0   0.01795        14       640    0.9434    0.9896    0.9786     0.706   0.01954  0.002958         0
   296/299     5.11G   0.01487  0.003385         0   0.01825        15       640    0.9503    0.9896    0.9794    0.7028   0.01952  0.002958         0
   297/299     5.11G   0.01485  0.003408         0   0.01826        15       640    0.9505    0.9896     0.979    0.7077   0.01953  0.002928         0
   298/299     5.11G   0.01459  0.003393         0   0.01798        10       640    0.9459    0.9896    0.9788     0.711   0.01936  0.002899         0
   299/299     5.11G   0.01434  0.003299         0   0.01764        16       640    0.9425    0.9896    0.9781    0.7122   0.01936  0.002896         0
