     0/299    0.579G    0.1074   0.01928         0    0.1267        16       640         0         0  0.001005 0.0001178   0.07373   0.01455         0
     1/299      5.1G   0.09227   0.01584         0    0.1081        17       640         0         0 0.0009221 0.0001352   0.07177   0.01328         0
     2/299      5.1G   0.08328   0.01673         0       0.1        14       640         0         0   0.01616  0.002633   0.06879   0.01307         0
     3/299      5.1G   0.07421   0.01677         0   0.09098        14       640    0.1232    0.1071   0.08105   0.01642   0.06374   0.01208         0
     4/299      5.1G   0.06679   0.01661         0   0.08339        17       640    0.2185    0.6518    0.2748   0.07726   0.05404   0.01131         0
     5/299      5.1G   0.06117   0.01548         0   0.07666        15       640    0.2949    0.7054    0.4055    0.1075   0.05223   0.01006         0
     6/299      5.1G   0.05581   0.01477         0   0.07058        19       640    0.5439    0.8412    0.7456    0.2767   0.04692    0.0094         0
     7/299      5.1G    0.0521   0.01358         0   0.06567        25       640    0.1933    0.9375    0.7274    0.2308   0.04385   0.01034         0
     8/299      5.1G   0.05152   0.01364         0   0.06517        24       640    0.5317    0.8839    0.8283    0.3481   0.04084  0.008805         0
     9/299      5.1G   0.04901   0.01253         0   0.06154        17       640    0.3372    0.9821    0.8425      0.25   0.04244  0.007999         0
    10/299      5.1G   0.04674   0.01171         0   0.05846        21       640    0.2364    0.8839     0.629     0.215   0.04501   0.01018         0
    11/299      5.1G   0.04454   0.01082         0   0.05536        14       640    0.3807    0.9821    0.9282    0.3614   0.03706  0.008629         0
    12/299      5.1G   0.04189   0.01035         0   0.05224        11       640    0.3856    0.9821    0.9236    0.5056   0.03293  0.007372         0
    13/299      5.1G   0.04311  0.009476         0   0.05259        18       640    0.4416    0.9732    0.8663    0.2663   0.04483  0.005594         0
    14/299      5.1G   0.04187   0.00944         0   0.05132        12       640    0.5782    0.9821    0.9874    0.5213   0.03117  0.005628         0
    15/299      5.1G   0.04166  0.009082         0   0.05075        16       640    0.4881    0.9643    0.9369    0.3617   0.03676  0.005856         0
    16/299      5.1G   0.03943  0.008812         0   0.04824        12       640    0.6329    0.9911     0.989    0.5303   0.03114  0.005416         0
    17/299      5.1G   0.03731  0.008359         0   0.04567        12       640    0.3768    0.9911    0.9645    0.4546    0.0344  0.006027         0
    18/299      5.1G   0.03576  0.007938         0    0.0437        16       640    0.6994    0.9911     0.992    0.5474   0.03001   0.00461         0
    19/299      5.1G    0.0375  0.007748         0   0.04524        18       640    0.5597    0.9911    0.9835    0.5463   0.02943  0.005112         0
    20/299      5.1G   0.03365  0.007363         0   0.04101        27       640    0.6941    0.9911    0.9923    0.6004   0.02639  0.004402         0
    21/299      5.1G   0.03422  0.007046         0   0.04127         9       640    0.5948         1    0.9886    0.6137   0.02589  0.004268         0
    22/299      5.1G   0.03278  0.007117         0    0.0399        13       640    0.4569    0.9911     0.981    0.6085   0.02792  0.004819         0
    23/299      5.1G   0.03324  0.006791         0   0.04003        11       640    0.6361    0.9911    0.9916    0.5875   0.02967  0.004711         0
    24/299      5.1G   0.03331  0.006571         0   0.03988        11       640    0.7102         1    0.9945    0.5883   0.02781  0.004122         0
    25/299      5.1G   0.03258  0.006696         0   0.03927        19       640    0.6392    0.9911    0.9946    0.6115   0.02625  0.003998         0
    26/299      5.1G   0.03074  0.006424         0   0.03716        14       640    0.7627         1    0.9941    0.5853   0.02735  0.004023         0
    27/299      5.1G   0.03092  0.006176         0   0.03709        18       640     0.705    0.9821    0.9875    0.5519   0.02676  0.003842         0
    28/299      5.1G   0.03126  0.006104         0   0.03736        18       640    0.7067    0.9911    0.9942    0.6382   0.02359  0.003845         0
    29/299      5.1G   0.03045  0.006128         0   0.03658        22       640    0.7482    0.9911    0.9938    0.6285   0.02465  0.004068         0
    30/299      5.1G   0.02961  0.006099         0    0.0357        12       640    0.6609    0.9911    0.9944    0.6056   0.02525  0.003895         0
    31/299      5.1G   0.02981  0.006069         0   0.03588        19       640    0.8057    0.9911    0.9942    0.5959   0.02714  0.003791         0
    32/299      5.1G   0.02967  0.006098         0   0.03577        18       640    0.6856    0.9911    0.9948    0.5784   0.02676  0.003755         0
    33/299      5.1G   0.02944  0.006088         0   0.03553        19       640    0.8036    0.9911     0.995      0.65   0.02382  0.003788         0
    34/299      5.1G   0.02921  0.005754         0   0.03497        22       640    0.7867         1    0.9949    0.6815   0.02206  0.003634         0
    35/299      5.1G   0.02901  0.005811         0   0.03482        17       640     0.721    0.9911    0.9948    0.6423   0.02375  0.003769         0
    36/299      5.1G   0.02903  0.005688         0   0.03472        21       640    0.6494    0.9911    0.9909    0.5866   0.02578  0.003883         0
    37/299      5.1G   0.02863  0.005716         0   0.03435        26       640    0.8029         1     0.995    0.6546   0.02269  0.003502         0
    38/299      5.1G   0.02813  0.005614         0   0.03375        14       640    0.8352         1     0.995    0.6485    0.0237  0.003462         0
    39/299      5.1G   0.02814  0.005528         0   0.03367        18       640    0.7205    0.9821    0.9847    0.5279   0.02801  0.003764         0
    40/299      5.1G   0.02833  0.005735         0   0.03406        24       640    0.7892    0.9911    0.9948    0.6379   0.02506  0.003546         0
    41/299      5.1G   0.02673  0.005351         0   0.03208        20       640    0.8075    0.9911     0.995    0.6546   0.02352  0.003586         0
    42/299      5.1G   0.02748  0.005591         0   0.03307        20       640    0.8445    0.9821    0.9918    0.6232   0.02495  0.003543         0
    43/299      5.1G   0.02706  0.005315         0   0.03237        12       640    0.8632         1     0.995    0.6274    0.0238  0.003413         0
    44/299      5.1G   0.02744   0.00539         0   0.03283        19       640    0.7749         1     0.995    0.6604   0.02334  0.003537         0
    45/299      5.1G   0.02692  0.005364         0   0.03229        19       640    0.8561    0.9911     0.995    0.6642   0.02312  0.003393         0
    46/299      5.1G    0.0261  0.005339         0   0.03144        21       640    0.8886         1     0.995    0.6312   0.02447  0.003413         0
    47/299      5.1G   0.02661  0.005298         0    0.0319        15       640    0.8032         1     0.995    0.6571   0.02369  0.003433         0
    48/299      5.1G   0.02688  0.005428         0   0.03231        18       640    0.8625         1     0.995    0.6494   0.02389  0.003313         0
    49/299      5.1G   0.02674  0.005249         0   0.03199        15       640     0.824         1     0.992    0.6588   0.02437  0.003298         0
    50/299      5.1G   0.02669  0.005273         0   0.03196        18       640     0.769    0.9911     0.995    0.6207   0.02657  0.003509         0
    51/299      5.1G   0.02615  0.005095         0   0.03124        17       640    0.8206         1     0.995    0.6434   0.02415  0.003331         0
    52/299      5.1G   0.02626  0.004996         0   0.03126        20       640    0.8214         1     0.995    0.6385   0.02319  0.003201         0
    53/299      5.1G   0.02635   0.00505         0    0.0314        10       640    0.8277         1    0.9949    0.6496   0.02384  0.003381         0
    54/299      5.1G   0.02557  0.005133         0    0.0307        21       640    0.8459         1     0.995     0.677   0.02221  0.003218         0
    55/299      5.1G   0.02586  0.005152         0   0.03101        19       640    0.9035         1    0.9949    0.6506   0.02368  0.003372         0
    56/299      5.1G   0.02618   0.00514         0   0.03132        21       640    0.8812         1    0.9948    0.6599   0.02293   0.00337         0
    57/299      5.1G   0.02638  0.005331         0   0.03171        15       640    0.8652         1    0.9948     0.641   0.02354  0.003144         0
    58/299      5.1G   0.02586  0.004965         0   0.03082        12       640    0.8306         1     0.995    0.6699   0.02252  0.003212         0
    59/299      5.1G   0.02627  0.004979         0   0.03125        14       640    0.7908    0.9911    0.9948    0.6406   0.02404  0.003418         0
    60/299      5.1G   0.02605  0.004981         0   0.03103        13       640    0.7854    0.9911    0.9938    0.6656   0.02342  0.003495         0
    61/299      5.1G   0.02521  0.005129         0   0.03034        24       640    0.8616    0.9911    0.9948    0.6392   0.02413  0.003356         0
    62/299      5.1G   0.02578  0.005109         0   0.03089        19       640    0.8696    0.9911    0.9949    0.6626   0.02242  0.003257         0
    63/299      5.1G   0.02477  0.004901         0   0.02967        18       640    0.8158         1    0.9947    0.6634   0.02232  0.003178         0
    64/299      5.1G    0.0259  0.005009         0   0.03091        19       640    0.9265         1     0.995    0.6426   0.02309  0.003111         0
    65/299      5.1G    0.0248  0.004841         0   0.02964        15       640    0.8561         1    0.9949    0.6503   0.02303  0.003228         0
    66/299      5.1G   0.02457   0.00497         0   0.02954        14       640    0.9385         1     0.995    0.6354   0.02438  0.003098         0
    67/299      5.1G   0.02545  0.005234         0   0.03068        18       640    0.8149         1    0.9947    0.6599    0.0228  0.003242         0
    68/299      5.1G   0.02521  0.004932         0   0.03015        17       640    0.9036         1     0.995    0.6804   0.02217  0.003106         0
    69/299      5.1G   0.02502  0.004973         0   0.02999        14       640    0.8972    0.9911     0.995    0.6536   0.02264  0.003225         0
    70/299      5.1G   0.02429  0.004777         0   0.02907        16       640     0.856         1    0.9947    0.6715   0.02245  0.003173         0
    71/299      5.1G   0.02444  0.004832         0   0.02927        10       640    0.8858         1     0.995    0.6533   0.02227  0.003115         0
    72/299      5.1G   0.02463   0.00479         0   0.02942        15       640     0.851         1    0.9945    0.6596   0.02301  0.003353         0
    73/299      5.1G   0.02505  0.004958         0   0.03001        16       640    0.8701    0.9911     0.995    0.6769   0.02253  0.003319         0
    74/299      5.1G   0.02461  0.004918         0   0.02953        18       640     0.868    0.9911    0.9949    0.6915   0.02148  0.003162         0
    75/299      5.1G   0.02441  0.004821         0   0.02923        16       640    0.9266         1     0.995    0.6812   0.02125  0.003026         0
    76/299      5.1G    0.0243  0.004814         0   0.02912        16       640    0.8583         1    0.9946    0.6699   0.02181  0.003107         0
    77/299      5.1G   0.02447    0.0047         0   0.02917        13       640    0.8771         1    0.9948    0.6731   0.02282  0.003159         0
    78/299      5.1G    0.0246  0.005001         0    0.0296        21       640    0.8672    0.9911     0.995    0.6754   0.02289  0.003177         0
    79/299      5.1G   0.02475  0.004888         0   0.02963        20       640    0.9017    0.9911     0.995    0.6952   0.02148  0.003181         0
    80/299      5.1G   0.02405  0.004703         0   0.02876        20       640    0.9479         1     0.995    0.6785   0.02204  0.003077         0
    81/299      5.1G   0.02399  0.004972         0   0.02897        17       640    0.8454         1     0.995    0.6611   0.02238  0.003154         0
    82/299      5.1G   0.02454   0.00478         0   0.02932        13       640    0.8682         1     0.995    0.6685   0.02193  0.003143         0
    83/299      5.1G    0.0238  0.004537         0   0.02834        21       640    0.9125         1     0.995    0.6541   0.02253  0.003202         0
    84/299      5.1G   0.02366  0.004705         0   0.02836        10       640    0.9069         1     0.995    0.6585   0.02243  0.003136         0
    85/299      5.1G   0.02423  0.004836         0   0.02907        15       640    0.8977         1     0.995    0.6781   0.02198  0.003011         0
    86/299      5.1G   0.02445  0.004801         0   0.02925        20       640    0.8832         1     0.995    0.6681   0.02219  0.003106         0
    87/299      5.1G    0.0233  0.004738         0   0.02803        18       640    0.8727    0.9911    0.9949    0.6664   0.02233  0.003204         0
    88/299      5.1G   0.02393  0.004874         0    0.0288        11       640    0.8847         1    0.9949    0.6751   0.02144  0.003033         0
    89/299      5.1G   0.02367  0.004744         0   0.02841        19       640    0.8907         1    0.9943    0.6728   0.02262  0.003136         0
    90/299      5.1G   0.02363  0.004521         0   0.02815        20       640    0.9325         1     0.995    0.6831   0.02259  0.003038         0
    91/299      5.1G   0.02329  0.004535         0   0.02783        15       640    0.8839         1    0.9917    0.6704   0.02241  0.003033         0
    92/299      5.1G   0.02327  0.004596         0   0.02787        17       640    0.8759         1    0.9948    0.6849   0.02127  0.003065         0
    93/299      5.1G    0.0238  0.004892         0   0.02869        18       640    0.8956         1     0.995    0.6326   0.02312  0.003166         0
    94/299      5.1G   0.02297  0.004685         0   0.02766        14       640    0.9413         1    0.9949    0.6822   0.02149  0.003142         0
    95/299      5.1G    0.0228  0.004592         0   0.02739        21       640    0.8727    0.9911     0.995    0.6912   0.02132  0.003161         0
    96/299      5.1G   0.02334  0.004602         0   0.02794        15       640    0.9464         1     0.995    0.6906   0.02122  0.002984         0
    97/299      5.1G   0.02384  0.004849         0   0.02869        18       640    0.8324    0.9911    0.9942     0.682   0.02201  0.003263         0
    98/299      5.1G   0.02284   0.00467         0   0.02751        14       640    0.9263         1     0.995     0.686   0.02192   0.00303         0
    99/299      5.1G   0.02322  0.004753         0   0.02797        19       640    0.9062         1     0.995    0.6857   0.02176  0.003014         0
   100/299      5.1G   0.02285  0.004578         0   0.02743        16       640    0.8667         1     0.995    0.6943   0.02076  0.002966         0
   101/299      5.1G   0.02224  0.004481         0   0.02672        11       640    0.8671         1     0.995    0.6949   0.02144  0.002949         0
   102/299      5.1G   0.02254  0.004481         0   0.02702        16       640    0.8954         1    0.9944       0.7   0.02028  0.002972         0
   103/299      5.1G   0.02267  0.004659         0   0.02732        15       640    0.9392         1     0.995    0.6985   0.02143  0.002882         0
   104/299      5.1G   0.02272  0.004573         0   0.02729        14       640    0.8971         1     0.995    0.6949   0.02115  0.002983         0
   105/299      5.1G   0.02319  0.004613         0    0.0278        18       640    0.8988         1     0.995    0.6918   0.02097  0.003001         0
   106/299      5.1G   0.02211   0.00472         0   0.02683        14       640    0.9161         1     0.995     0.701   0.02097  0.002904         0
   107/299      5.1G   0.02188  0.004506         0   0.02639        15       640    0.9065         1     0.995    0.6893   0.02163  0.002994         0
   108/299      5.1G   0.02209  0.004587         0   0.02667        11       640    0.8926         1    0.9949    0.6966   0.02099  0.002978         0
   109/299      5.1G   0.02229  0.004539         0   0.02683        12       640    0.8717         1     0.995    0.6996   0.02078  0.002939         0
   110/299      5.1G   0.02273  0.004628         0   0.02736        15       640     0.895         1     0.995     0.674   0.02197  0.002981         0
   111/299      5.1G    0.0224   0.00449         0   0.02689        18       640    0.9429         1     0.995    0.6839   0.02062  0.002949         0
   112/299      5.1G   0.02218  0.004659         0   0.02684        12       640    0.9496         1     0.995    0.6997    0.0204  0.002914         0
   113/299      5.1G   0.02215  0.004601         0   0.02675        13       640    0.9232         1     0.995    0.7086   0.02071  0.002951         0
   114/299      5.1G   0.02147  0.004411         0   0.02588        13       640    0.9495         1     0.995    0.7073    0.0203  0.002881         0
   115/299      5.1G   0.02183  0.004631         0   0.02646        20       640     0.955         1     0.995    0.7095   0.02033   0.00288         0
   116/299      5.1G   0.02175  0.004388         0   0.02614        14       640    0.8902         1     0.995     0.697   0.02178  0.002949         0
   117/299      5.1G   0.02199    0.0047         0   0.02669        17       640    0.8921         1     0.995    0.6969   0.02139  0.002947         0
   118/299      5.1G   0.02134  0.004543         0   0.02588        16       640    0.9603         1     0.995    0.7002   0.02147  0.002992         0
   119/299      5.1G   0.02134  0.004326         0   0.02567        17       640    0.9521         1     0.995    0.6977   0.02132  0.002863         0
   120/299      5.1G   0.02136  0.004338         0   0.02569        22       640    0.9113         1     0.995    0.7096   0.02064  0.002951         0
   121/299      5.1G   0.02142  0.004473         0    0.0259        13       640    0.9267         1     0.995    0.7165   0.01982  0.002838         0
   122/299      5.1G   0.02101  0.004426         0   0.02544        18       640      0.92         1     0.995    0.7074   0.01992  0.002884         0
   123/299      5.1G   0.02126  0.004701         0   0.02596        12       640    0.8973         1     0.995    0.7143   0.01982  0.002901         0
   124/299      5.1G   0.02117  0.004459         0   0.02563        13       640    0.9046         1     0.995    0.7095   0.02007  0.002863         0
   125/299      5.1G    0.0218  0.004517         0   0.02632        18       640    0.9029         1     0.995    0.6908   0.02149  0.002985         0
   126/299      5.1G   0.02118  0.004624         0    0.0258        15       640    0.9188         1     0.995     0.681   0.02152  0.002994         0
   127/299      5.1G   0.02148  0.004496         0   0.02597        19       640    0.8846         1     0.995    0.6961   0.02102   0.00294         0
   128/299      5.1G   0.02146  0.004475         0   0.02594        15       640    0.9124         1     0.995    0.7072   0.02032  0.002886         0
   129/299      5.1G   0.02095  0.004378         0   0.02533        13       640    0.9328         1     0.995    0.7011   0.02074  0.002874         0
   130/299      5.1G   0.02138  0.004498         0   0.02588        13       640    0.9272         1     0.995    0.7163    0.0201  0.002834         0
